5.873888e+02 
1.226954e+02 
2.105054e+01 
3.319454e+00 
4.881645e-01 
5.259352e-02 
4.609368e-03 
3.440157e-04 
2.039882e-05 
1.095892e-06 
5.805800e-08 
2.664123e-09 
1.050625e-10 
4.184542e-12 
7.144829e-13 
6.950021e-13 
6.944298e-13 
6.076573e-13 
5.772227e-13 
5.702927e-13 
5.669640e-13 
5.613268e-13 
5.500028e-13 
5.214285e-13 
5.028680e-13 
4.935179e-13 
4.805098e-13 
4.765619e-13 
4.764161e-13 
4.669932e-13 
4.662760e-13 
4.650407e-13 
4.148302e-13 
4.138013e-13 
4.114493e-13 
4.023667e-13 
3.956880e-13 
3.837091e-13 
3.786637e-13 
3.730029e-13 
3.674956e-13 
3.552685e-13 
3.541530e-13 
3.527237e-13 
3.332678e-13 
3.331478e-13 
3.320847e-13 
3.252362e-13 
3.188726e-13 
3.171867e-13 
3.125198e-13 
3.027979e-13 
3.017336e-13 
2.985699e-13 
2.953531e-13 
2.881404e-13 
2.820621e-13 
2.773040e-13 
2.679434e-13 
2.659260e-13 
2.579981e-13 
2.575594e-13 
2.559420e-13 
2.557351e-13 
2.500273e-13 
2.478479e-13 
2.456979e-13 
2.380096e-13 
2.362393e-13 
2.274092e-13 
2.272920e-13 
2.172081e-13 
2.070496e-13 
2.063449e-13 
2.047749e-13 
2.026373e-13 
2.023942e-13 
2.001128e-13 
1.990971e-13 
1.979603e-13 
1.963291e-13 
1.950942e-13 
1.786480e-13 
1.753343e-13 
1.748209e-13 
1.725904e-13 
1.681494e-13 
1.605340e-13 
1.542676e-13 
1.516960e-13 
1.514262e-13 
1.506174e-13 
1.467860e-13 
1.430993e-13 
1.410764e-13 
1.333144e-13 
1.287676e-13 
1.264658e-13 
1.241270e-13 
1.207976e-13 
1.182531e-13 
1.175771e-13 
1.140269e-13 
1.116746e-13 
1.062928e-13 
1.054874e-13 
1.024125e-13 
1.018015e-13 
1.003365e-13 
9.922939e-14 
9.656735e-14 
9.617534e-14 
9.440248e-14 
9.400626e-14 
9.181836e-14 
9.028471e-14 
8.851288e-14 
8.748104e-14 
8.601127e-14 
8.583751e-14 
8.434740e-14 
8.325810e-14 
8.251726e-14 
8.209572e-14 
8.022883e-14 
7.920282e-14 
7.684426e-14 
7.579310e-14 
7.473689e-14 
7.381788e-14 
7.313378e-14 
7.216250e-14 
7.210036e-14 
7.088443e-14 
7.037560e-14 
6.879830e-14 
6.782159e-14 
6.652339e-14 
6.617530e-14 
6.521995e-14 
6.402438e-14 
6.371536e-14 
6.209989e-14 
6.141775e-14 
6.066498e-14 
5.950051e-14 
5.935735e-14 
5.817867e-14 
5.738516e-14 
5.634453e-14 
5.529101e-14 
5.452123e-14 
5.333812e-14 
5.313345e-14 
5.284274e-14 
5.237561e-14 
5.152400e-14 
4.956970e-14 
4.925550e-14 
4.889461e-14 
4.859818e-14 
4.704965e-14 
4.696624e-14 
4.659436e-14 
4.500230e-14 
4.417804e-14 
4.390537e-14 
4.361591e-14 
4.259054e-14 
4.228948e-14 
4.226139e-14 
4.176256e-14 
4.061035e-14 
3.978495e-14 
3.901980e-14 
3.858430e-14 
3.801114e-14 
3.722454e-14 
3.707493e-14 
3.603937e-14 
3.581700e-14 
3.548939e-14 
3.497304e-14 
3.440324e-14 
3.378691e-14 
3.299144e-14 
3.223471e-14 
3.188407e-14 
3.121888e-14 
3.117822e-14 
3.039185e-14 
2.987882e-14 
2.978283e-14 
2.958385e-14 
2.949305e-14 
2.895868e-14 
2.832305e-14 
2.749146e-14 
2.688189e-14 
2.671728e-14 
2.636189e-14 
2.604090e-14 
2.578840e-14 
2.562616e-14 
2.499659e-14 
2.480719e-14 
2.450587e-14 
2.414408e-14 
2.374904e-14 
2.364903e-14 
2.328311e-14 
2.290364e-14 
2.274447e-14 
2.201673e-14 
2.143169e-14 
2.123755e-14 
2.072721e-14 
2.051794e-14 
2.050183e-14 
1.966099e-14 
1.949083e-14 
1.909011e-14 
1.907255e-14 
1.878033e-14 
1.816757e-14 
1.788501e-14 
1.774313e-14 
1.771256e-14 
1.711482e-14 
1.691169e-14 
1.656680e-14 
1.632889e-14 
1.620804e-14 
1.594783e-14 
1.579474e-14 
1.518804e-14 
1.485545e-14 
1.465479e-14 
1.442668e-14 
1.414418e-14 
1.400539e-14 
1.352186e-14 
1.344480e-14 
1.292308e-14 
1.281934e-14 
1.256820e-14 
1.226049e-14 
1.213826e-14 
1.197663e-14 
1.183546e-14 
1.114957e-14 
1.105579e-14 
1.086619e-14 
1.062797e-14 
1.054055e-14 
1.036005e-14 
1.021838e-14 
9.692617e-15 
9.542824e-15 
8.847780e-15 
8.691020e-15 
8.517390e-15 
8.156053e-15 
8.127939e-15 
7.894571e-15 
7.279498e-15 
7.086187e-15 
6.315141e-15 
6.117365e-15 
5.446812e-15 
5.376353e-15 
5.045123e-15 
4.919985e-15 
4.896300e-15 
4.787424e-15 
4.713397e-15 
4.663725e-15 
4.596542e-15 
4.577188e-15 
4.495811e-15 
4.450033e-15 
4.430381e-15 
4.353596e-15 
4.221464e-15 
4.220447e-15 
4.159107e-15 
4.132198e-15 
4.038308e-15 
4.027719e-15 
3.993534e-15 
3.892294e-15 
3.868437e-15 
3.848985e-15 
3.822629e-15 
3.788551e-15 
3.752415e-15 
3.715054e-15 
3.688190e-15 
3.660751e-15 
3.625078e-15 
3.613296e-15 
3.554336e-15 
3.527157e-15 
3.508566e-15 
3.433594e-15 
3.419496e-15 
3.375454e-15 
3.343947e-15 
3.342742e-15 
3.288600e-15 
3.277790e-15 
3.235672e-15 
3.222578e-15 
3.190703e-15 
3.161740e-15 
3.141047e-15 
3.093499e-15 
3.049813e-15 
3.036497e-15 
3.014666e-15 
3.001736e-15 
2.990289e-15 
2.957993e-15 
2.932505e-15 
2.887788e-15 
2.870622e-15 
2.851521e-15 
2.822977e-15 
2.776419e-15 
2.760449e-15 
2.754432e-15 
2.743798e-15 
2.703025e-15 
2.689125e-15 
2.658639e-15 
2.640429e-15 
2.619479e-15 
2.594982e-15 
2.578746e-15 
2.554624e-15 
2.544484e-15 
2.533520e-15 
2.512525e-15 
2.489587e-15 
2.458801e-15 
2.441726e-15 
2.430007e-15 
2.403800e-15 
2.368725e-15 
2.353967e-15 
2.334442e-15 
2.324398e-15 
2.307358e-15 
2.291447e-15 
2.276137e-15 
2.251095e-15 
2.237329e-15 
2.228372e-15 
2.205994e-15 
2.183834e-15 
2.171630e-15 
2.144094e-15 
2.132626e-15 
2.117649e-15 
2.100457e-15 
2.090704e-15 
2.074050e-15 
2.066372e-15 
2.047926e-15 
2.031906e-15 
2.019615e-15 
2.007346e-15 
1.981836e-15 
1.964340e-15 
1.955449e-15 
1.945889e-15 
1.919188e-15 
1.909895e-15 
1.881854e-15 
1.876262e-15 
1.850370e-15 
1.828046e-15 
1.820389e-15 
1.812819e-15 
1.793000e-15 
1.777212e-15 
1.767587e-15 
1.757413e-15 
1.743757e-15 
1.721627e-15 
1.706564e-15 
1.703011e-15 
1.694393e-15 
1.680834e-15 
1.659891e-15 
1.647401e-15 
1.624188e-15 
1.613140e-15 
1.605169e-15 
1.590382e-15 
1.575999e-15 
1.563516e-15 
1.544346e-15 
1.539800e-15 
1.522167e-15 
1.504201e-15 
1.491548e-15 
1.469382e-15 
1.462666e-15 
1.456937e-15 
1.438117e-15 
1.422758e-15 
1.408651e-15 
1.404232e-15 
1.389245e-15 
1.382705e-15 
1.380144e-15 
1.365770e-15 
1.345893e-15 
1.331445e-15 
1.313167e-15 
1.296078e-15 
1.288065e-15 
1.274882e-15 
1.268197e-15 
1.249520e-15 
1.238355e-15 
1.226755e-15 
1.218747e-15 
1.203427e-15 
1.183816e-15 
1.175174e-15 
1.173060e-15 
1.158795e-15 
1.138626e-15 
1.136824e-15 
1.115319e-15 
1.112515e-15 
1.090371e-15 
1.084880e-15 
1.072448e-15 
1.067041e-15 
1.054695e-15 
1.042088e-15 
1.030487e-15 
1.016502e-15 
1.014050e-15 
1.003114e-15 
9.840285e-16 
9.794275e-16 
9.622750e-16 
9.502497e-16 
9.489537e-16 
9.272621e-16 
9.196279e-16 
9.107466e-16 
8.963290e-16 
8.808010e-16 
8.659524e-16 
8.574721e-16 
8.478797e-16 
8.395422e-16 
8.316423e-16 
8.181251e-16 
7.995069e-16 
7.956118e-16 
7.914804e-16 
7.865800e-16 
7.763224e-16 
7.501510e-16 
7.372959e-16 
7.308401e-16 
7.230926e-16 
7.149827e-16 
6.988342e-16 
6.844834e-16 
6.769902e-16 
6.692145e-16 
6.549097e-16 
6.440913e-16 
6.380734e-16 
6.220152e-16 
6.159189e-16 
6.086917e-16 
6.028509e-16 
5.906959e-16 
5.843817e-16 
5.820791e-16 
5.633183e-16 
5.564533e-16 
5.420980e-16 
5.315455e-16 
5.141150e-16 
4.998343e-16 
4.925397e-16 
4.820876e-16 
4.765928e-16 
4.668870e-16 
4.601715e-16 
4.502157e-16 
4.368335e-16 
4.266310e-16 
4.202947e-16 
4.152504e-16 
4.041111e-16 
3.883091e-16 
3.821428e-16 
3.681146e-16 
3.602145e-16 
3.542311e-16 
3.468732e-16 
3.440815e-16 
3.326381e-16 
3.234938e-16 
3.125161e-16 
3.013328e-16 
2.922241e-16 
2.792042e-16 
2.709742e-16 
2.604420e-16 
2.570390e-16 
2.486850e-16 
2.353921e-16 
2.298773e-16 
2.090509e-16 
1.990180e-16 
1.935585e-16 
1.869139e-16 
1.683800e-16 
1.600606e-16 
1.492677e-16 
1.473273e-16 
1.416908e-16 
1.334318e-16 
1.270542e-16 
1.199005e-16 
1.055879e-16 
9.375604e-17 
8.878639e-17 
8.206727e-17 
5.892825e-17 
5.624753e-17 
3.800279e-17 
3.372363e-17 
3.124674e-17 
2.403103e-17 
1.191288e-17 
4.983770e-29 
4.572201e-29 
4.541266e-29 
4.360372e-29 
4.198238e-29 
3.811003e-29 
3.668271e-29 
3.501534e-29 
3.478145e-29 
3.422088e-29 
3.125806e-29 
2.983193e-29 
2.935727e-29 
2.741566e-29 
2.705510e-29 
2.590933e-29 
2.544083e-29 
2.461839e-29 
2.237319e-29 
2.212702e-29 
2.170682e-29 
2.140643e-29 
2.072593e-29 
2.024323e-29 
1.935377e-29 
1.842404e-29 
1.784046e-29 
1.702435e-29 
1.658045e-29 
1.633197e-29 
1.576297e-29 
1.510263e-29 
1.457522e-29 
1.411838e-29 
1.365596e-29 
1.303162e-29 
1.272169e-29 
1.231609e-29 
1.181946e-29 
1.134396e-29 
1.108803e-29 
1.064595e-29 
9.834570e-30 
9.715620e-30 
9.346428e-30 
8.959790e-30 
8.411318e-30 
8.306901e-30 
7.956526e-30 
7.144981e-30 
6.922625e-30 
6.382411e-30 
6.280408e-30 
6.115005e-30 
5.871722e-30 
5.766443e-30 
5.700403e-30 
5.525492e-30 
5.212245e-30 
5.078984e-30 
4.876511e-30 
4.690914e-30 
4.638560e-30 
4.391483e-30 
4.325814e-30 
4.223708e-30 
3.944053e-30 
3.910085e-30 
3.821609e-30 
3.683080e-30 
3.560968e-30 
3.526819e-30 
3.371818e-30 
3.290085e-30 
3.205808e-30 
3.097635e-30 
3.020886e-30 
2.882177e-30 
2.834925e-30 
2.813311e-30 
2.715887e-30 
2.605445e-30 
2.565567e-30 
2.497851e-30 
2.370951e-30 
2.300986e-30 
2.256532e-30 
2.252013e-30 
2.161163e-30 
2.034422e-30 
1.952787e-30 
1.895196e-30 
1.831226e-30 
1.775073e-30 
1.702585e-30 
1.672806e-30 
1.638534e-30 
1.580623e-30 
1.547461e-30 
1.497262e-30 
1.413573e-30 
1.384840e-30 
1.299909e-30 
1.276662e-30 
1.259502e-30 
1.234054e-30 
1.202690e-30 
1.171018e-30 
1.105042e-30 
1.057742e-30 
1.010395e-30 
9.880724e-31 
9.338985e-31 
9.256210e-31 
8.992585e-31 
8.514023e-31 
8.136640e-31 
8.023392e-31 
7.578686e-31 
7.468772e-31 
7.101576e-31 
6.602808e-31 
6.220657e-31 
6.078098e-31 
5.629959e-31 
5.515957e-31 
5.277746e-31 
5.106591e-31 
5.019265e-31 
4.544189e-31 
4.487593e-31 
4.447329e-31 
4.161270e-31 
3.902320e-31 
3.674138e-31 
3.447036e-31 
3.360070e-31 
3.260300e-31 
3.062760e-31 
2.966202e-31 
2.791390e-31 
2.514473e-31 
2.350607e-31 
2.259224e-31 
2.182537e-31 
2.040514e-31 
1.887177e-31 
1.874888e-31 
1.774615e-31 
1.682954e-31 
1.529021e-31 
1.491288e-31 
1.335619e-31 
1.285205e-31 
1.259751e-31 
1.089728e-31 
1.033165e-31 
9.961386e-32 
9.199304e-32 
8.883874e-32 
7.860848e-32 
7.108162e-32 
6.948240e-32 
5.932668e-32 
5.688983e-32 
5.406985e-32 
5.112802e-32 
4.776685e-32 
3.817350e-32 
3.643546e-32 
3.237652e-32 
2.739651e-32 
2.447190e-32 
1.956017e-32 
1.841341e-32 
1.172570e-32 
9.969853e-33 
5.729675e-33 
2.614970e-34 
1.431686e-46 
9.076142e-47 
7.591732e-47 
5.282490e-47 
3.948235e-47 
1.576166e-47 
8.335100e-48 
3.948731e-49 
5.756835e-64 

